0.1944 OrderedDict([(1, 27), (2, 11), (3, 12), (4, 4), (5, 2), (6, 6), (7, 4), (8, 4), (9, 2), (10, 4), (11, 4), (12, 1), (13, 2), (16, 1), (17, 2), (19, 2), (21, 1), (22, 1), (23, 1), (24, 1), (26, 2), (27, 1), (30, 1), (34, 1), (38, 1), (46, 1), (63, 1), (66, 1), (91, 1)])
0.354 OrderedDict([(1, 21), (2, 11), (3, 10), (4, 4), (5, 10), (6, 4), (7, 3), (8, 4), (9, 7), (10, 1), (11, 3), (12, 1), (13, 2), (17, 1), (18, 1), (21, 2), (22, 1), (25, 1), (27, 2), (28, 1), (32, 2), (34, 2), (35, 1), (36, 2), (40, 1), (42, 1), (43, 2), (49, 1), (59, 1), (160, 1), (197, 1), (129, 1), (95, 1), (108, 1)])
0.5008 OrderedDict([(1, 23), (2, 11), (3, 6), (4, 3), (5, 7), (6, 2), (7, 2), (8, 4), (9, 3), (10, 1), (11, 4), (12, 2), (13, 1), (15, 2), (16, 4), (17, 2), (18, 1), (23, 1), (25, 1), (27, 1), (29, 1), (30, 3), (33, 1), (34, 1), (35, 1), (37, 1), (174, 1), (48, 1), (49, 1), (53, 1), (64, 1), (68, 1), (78, 1), (84, 1), (213, 1), (94, 1), (100, 1), (109, 2), (244, 1), (252, 1)])
0.4666 OrderedDict([(1, 26), (2, 17), (3, 9), (4, 5), (5, 10), (6, 3), (7, 4), (8, 1), (9, 3), (11, 3), (12, 2), (13, 1), (15, 2), (17, 1), (20, 1), (21, 1), (150, 1), (25, 1), (28, 1), (31, 1), (165, 1), (39, 1), (40, 1), (41, 1), (43, 1), (301, 1), (46, 1), (52, 1), (59, 1), (73, 1), (78, 1), (81, 1), (94, 1), (263, 1), (102, 1), (106, 1), (120, 1)])
0.52 OrderedDict([(1, 39), (2, 8), (3, 5), (4, 6), (5, 9), (6, 5), (7, 4), (8, 6), (10, 2), (11, 4), (12, 3), (13, 1), (14, 4), (15, 4), (16, 1), (18, 1), (19, 1), (22, 1), (23, 2), (26, 1), (47, 1), (32, 1), (35, 1), (36, 2), (37, 2), (38, 2), (40, 1), (41, 2), (44, 1), (175, 1), (56, 1), (190, 1), (64, 1), (66, 1), (201, 1), (92, 1), (94, 1), (144, 1), (111, 1), (168, 1), (116, 1)])
0.6026 OrderedDict([(1, 27), (2, 7), (3, 6), (4, 2), (5, 4), (6, 3), (7, 3), (8, 5), (9, 2), (10, 1), (13, 3), (14, 1), (15, 2), (16, 2), (17, 3), (18, 3), (20, 1), (21, 2), (25, 1), (26, 1), (27, 3), (28, 1), (30, 1), (32, 1), (34, 2), (35, 2), (37, 2), (40, 1), (41, 1), (42, 1), (43, 2), (44, 1), (45, 2), (46, 1), (48, 1), (53, 1), (58, 1), (59, 1), (190, 1), (64, 1), (66, 1), (67, 2), (196, 1), (69, 1), (81, 1), (210, 1), (88, 1), (107, 2), (62, 1), (122, 1)])
0.6256 OrderedDict([(1, 27), (2, 8), (3, 9), (4, 8), (5, 8), (6, 4), (7, 3), (8, 1), (265, 1), (10, 4), (11, 2), (13, 2), (14, 1), (15, 1), (16, 1), (17, 1), (18, 5), (19, 2), (20, 1), (22, 2), (23, 2), (24, 1), (25, 1), (26, 1), (28, 2), (30, 1), (31, 1), (32, 1), (34, 1), (36, 2), (40, 1), (41, 2), (42, 1), (46, 2), (48, 1), (54, 1), (9, 3), (56, 1), (62, 1), (64, 1), (72, 1), (55, 1), (206, 1), (85, 1), (216, 1), (93, 1), (95, 1), (102, 1), (105, 1), (115, 1), (119, 1), (120, 1)])
0.7068 OrderedDict([(1, 26), (2, 16), (3, 9), (4, 4), (5, 8), (6, 1), (7, 2), (8, 4), (9, 4), (10, 4), (11, 1), (12, 3), (141, 1), (14, 1), (15, 1), (16, 1), (17, 1), (18, 2), (19, 2), (20, 1), (21, 1), (22, 1), (24, 2), (26, 1), (284, 1), (30, 2), (48, 2), (35, 3), (36, 2), (41, 1), (44, 1), (45, 1), (47, 1), (176, 1), (53, 1), (57, 1), (60, 1), (190, 1), (191, 1), (64, 1), (193, 1), (130, 1), (77, 1), (28, 1), (13, 3), (81, 1), (271, 1), (93, 1), (102, 2), (103, 1)])
0.7946 OrderedDict([(1, 25), (2, 19), (3, 12), (4, 6), (5, 5), (6, 3), (7, 4), (8, 2), (9, 5), (10, 2), (11, 4), (12, 2), (269, 1), (14, 1), (15, 2), (18, 1), (131, 1), (20, 1), (22, 1), (24, 2), (26, 1), (27, 1), (28, 1), (31, 1), (33, 2), (36, 1), (38, 1), (40, 1), (41, 2), (42, 1), (171, 1), (44, 1), (47, 1), (176, 1), (49, 2), (50, 1), (51, 1), (54, 1), (137, 1), (56, 1), (319, 1), (13, 5), (83, 1), (88, 1), (97, 1), (102, 1), (259, 1), (108, 1), (110, 1), (112, 1), (19, 1), (169, 1), (122, 1), (125, 1)])
0.8638 OrderedDict([(1, 29), (2, 10), (3, 7), (4, 5), (5, 6), (6, 3), (7, 6), (8, 3), (10, 2), (11, 4), (13, 2), (14, 4), (15, 4), (16, 2), (20, 1), (21, 3), (150, 1), (153, 1), (24, 2), (260, 1), (26, 1), (28, 1), (29, 1), (162, 1), (35, 1), (167, 1), (43, 1), (47, 2), (48, 2), (136, 1), (52, 1), (55, 1), (56, 1), (57, 2), (59, 1), (67, 1), (69, 1), (70, 1), (72, 1), (91, 1), (102, 1), (109, 1), (111, 1), (368, 1), (497, 1), (114, 1), (116, 1), (245, 1)])
