2050 - [4, 3, 7, 10, 26, 49, 41, 44, 45, 37, 29, 27, 28, 58, 72, 73, 63, 55, 40, 31, 24, 20, 25, 32, 23, 43, 37, 16, 13, 7]
3590 - [35, 42, 50, 53, 60, 72, 48, 52, 68, 66, 82, 98, 120, 76, 68, 38, 25, 44, 30, 38, 42, 37, 21, 31, 15, 6, 2, 1, 4, 2, 4, 11, 12, 2]
13 - [15, 15, 15, 7, 3]
528 - [13, 10, 3, 1, 1, 1, 1, 1, 1, 1, 1, 6, 3, 1, 2, 1, 1, 3, 6, 8, 5, 1, 2, 1, 2, 2, 1, 3, 7, 13, 9, 5, 5, 7, 3, 6, 2]
1265169 - [43, 32, 55, 47, 46, 59, 66, 73, 89, 93, 88, 73, 65, 102, 142, 148, 130, 115, 89, 71, 83, 70, 70, 69, 64, 88, 64, 90, 124, 193, 170, 116, 126, 105, 118, 92, 133, 158, 183, 195, 176, 162, 125, 108, 89, 95, 89, 92, 67, 64, 53, 74, 56, 109, 121, 129, 131, 137, 87, 71, 62, 71, 75, 67, 113, 77, 57, 53, 23, 35, 31, 20, 16, 9]
2068 - [3, 3, 1, 2, 1, 1, 3, 1, 1]
2070 - [1, 1, 1, 3, 4]
3100 - [245, 230, 204, 255, 259, 300, 339, 351, 280, 243, 292, 264, 283, 283, 246, 253, 288, 293, 274, 239, 269, 259, 254, 290, 247, 213, 243, 234, 217, 251, 210, 228, 281, 318, 318, 276, 254, 329, 284, 263, 284, 305, 325, 285, 237, 268, 251, 261, 296, 360, 396, 397, 436, 394, 389, 333, 339, 265, 275, 283, 265, 268, 228, 165, 174, 175, 186, 159, 155, 131, 147, 141, 141, 121, 121, 153, 116, 99, 57, 79, 45, 22, 14, 29, 24, 20, 35, 16, 13, 2, 1, 1, 1, 1]
3101 - [1, 3, 2, 2]
1569 - [1, 1, 1, 1]
2082 - [1, 4, 1, 4, 1, 6, 8, 3, 1]
3619 - [15, 8, 9, 14, 15, 18, 31, 25, 35, 25, 30, 5, 4, 2, 1, 1, 1, 2, 4]
1060 - [2, 1]
None - [681, 754, 771, 835, 710, 784, 784, 786, 794, 851, 905, 920, 894, 897, 908, 922, 1020, 938, 837, 955, 1027, 1136, 1240, 1233, 1267, 1214, 1303, 1198, 1249, 1146, 1119, 1230, 1280, 1292, 1360, 1394, 1331, 1300, 1353, 1432, 1466, 1611, 1597, 1697, 1540, 1475, 1561, 1580, 1606, 1571, 1673, 1635, 1628, 1651, 1599, 1632, 1765, 1694, 1738, 1758, 1872, 1750, 1813, 1759, 1714, 1715, 1843, 1869, 1919, 1902, 1908, 1920, 2029, 1971, 1991, 1930, 1948, 1963, 1960, 1929, 1987, 2018, 2201, 2126, 2049, 2104, 2131, 2167, 2126, 2218, 2336, 2355, 2344, 2401, 2297, 2370, 2383, 2434, 2397, 2412, 2400, 2581, 2613, 2544, 2525, 2499, 2519, 2567, 2619, 2595, 2638, 2695, 2591, 2676, 2656, 2703, 2734, 2685, 2582, 2592, 2667, 2669, 2717, 2767, 2626, 2586, 2663, 2596, 2615, 2605, 2624, 2597, 2610, 2624, 2516, 2445, 2415, 2489, 2499, 2492, 2496, 2604, 2588, 2666, 2608, 2662, 2692, 2890, 3008, 2989, 3013, 3026, 3101, 3051, 3094, 3169, 3186, 3237, 3278, 3271, 3230, 3260, 3335, 3374, 3401, 3388, 3329, 3501, 3463, 3500, 3545, 3632, 3629, 3688, 3758, 3727, 3746, 3738, 3886, 3887, 4028, 4096, 4158, 4157, 4184, 4248, 4301, 4370, 4448, 4491, 4520, 4627, 4659, 4640, 4721, 4775, 4819, 4901, 4927, 4962]
4650 - [2]
2608 - [21, 27, 22, 14, 18, 8, 3, 6, 1, 2, 1, 1, 1, 1, 3, 2, 1, 5]
2609 - [7, 16, 6, 3, 1, 5, 5, 3, 7, 1, 2, 6, 3, 2, 4, 16, 17, 11, 21, 14, 9, 3, 3, 5, 4, 1, 1, 3, 8, 8, 7, 7, 1]
563 - [5, 15, 13, 9, 9]
57 - [29, 32, 27, 25, 9, 8, 8, 13, 8, 3, 2, 1, 3, 1, 5, 9, 8, 12, 13, 15, 7, 17, 15, 20, 10, 11, 10, 18, 14, 17, 17, 27, 53, 39, 24, 15, 17, 15, 9, 5, 5, 2]
4154 - [3, 1, 2, 1, 2, 4, 2, 16, 15, 12, 1, 2, 6, 17, 21, 19, 18, 25, 29, 35, 68, 69, 95, 73, 60, 61, 49, 51, 49, 36, 57, 64, 60, 83, 106, 78, 70, 67, 46, 59, 76, 65, 69, 67, 77, 91, 80, 95, 79, 64, 46, 48, 35, 55, 79, 63, 70, 44, 37, 27, 49, 55, 55, 64, 72, 56, 83, 74, 73, 78, 69, 74, 100, 84, 87, 108, 93, 102, 108, 145, 168, 216, 214, 234, 251, 311, 313, 308, 351, 376, 295, 280, 256, 221, 201, 194, 176, 213, 218, 186, 218, 211, 189, 199, 146, 144, 162, 185, 202, 223, 253, 223, 207, 197, 153, 133, 168, 160, 155, 148, 142, 113, 118, 134, 112, 106, 128, 137, 116, 119, 101, 59, 49, 35, 19, 20, 28, 17, 25, 17, 12, 2, 1, 1, 1]
3142 - [1, 1, 2, 1, 1, 2, 4, 1]
353 - [11, 11, 8, 8, 11, 11, 9, 10, 11, 13, 9, 4, 1]
4680 - [109, 123, 132, 115, 111, 99, 90, 93, 127, 116, 142, 133, 94, 101, 83, 94, 93, 91, 81, 77, 125, 133, 154, 150, 135, 115, 102, 138, 122, 128, 133, 121, 115, 91, 109, 86, 64, 53, 75, 53, 60, 74, 70, 83, 89, 71, 66, 32, 20, 27, 9, 4, 4, 5, 1]
354 - [5, 5, 11, 13, 8, 9, 7, 3, 1, 1, 2, 1, 5, 2, 1, 1, 1]
591 - [368, 293, 272, 278, 331, 293, 278, 285, 234, 253, 256, 307, 292, 297, 272, 226, 212, 175, 192, 176, 131, 118, 143, 168, 179, 178, 151, 142, 117, 111, 155, 167, 158, 143, 111, 110, 98, 58, 41, 35, 44, 34, 45, 25, 48, 23, 35, 39, 41, 33, 52, 45, 48, 33, 29, 23, 21, 20, 17, 13, 11, 12, 6, 3, 13, 1]
4176 - [1, 2, 6, 4, 6, 4, 2, 2, 2, 3, 2, 1, 3, 5, 7, 5, 6, 1, 3, 1, 1, 1, 1, 1, 10, 12, 20, 20, 15, 17, 21, 30, 31, 31, 41, 54, 49, 62, 46, 62, 65, 45, 33, 28, 11, 8, 3, 1, 1, 1, 1, 2, 1, 7, 7, 6, 1, 1]
1619 - [1, 2, 4, 5, 1, 1]
3158 - [13, 6, 8, 12, 32, 32, 37, 25, 23, 19, 20, 17, 14, 13, 16, 25, 20, 11, 18, 13, 38, 47, 68, 66, 76, 92, 91, 72, 73, 111, 102, 119, 119, 114, 100, 93, 89, 127, 180, 201, 191, 171, 147, 152, 164, 134, 120, 138, 128, 177, 162, 160, 190, 242, 216, 226, 216, 207, 194, 203, 216, 264, 274, 289, 310, 289, 257, 225, 161, 144, 174, 182, 181, 151, 162, 149, 189, 185, 191, 199, 196, 146, 150, 194, 212, 268, 294, 265, 297, 256, 256, 241, 211, 223, 227, 210, 191, 178, 158, 129, 175, 158, 177, 142, 153, 137, 123, 170, 204, 271, 232, 200, 206, 181, 228, 208, 224, 199, 187, 175, 150, 128, 154, 192, 204, 206, 188, 196, 181, 191, 192, 167, 130, 112, 104, 104, 137, 112, 130, 152, 174, 201, 219, 220, 257, 203, 207, 191, 188, 200, 209, 178, 170, 201, 219, 195, 222, 229, 216, 189, 129, 114, 103, 119, 135, 136, 150, 106, 92, 80, 62, 55, 53, 48, 49, 33, 20, 34, 25, 24, 10, 9, 5, 9, 9, 10, 14, 7, 8, 9, 5, 9, 2, 1]
361 - [69, 81, 82, 87, 61, 68, 84, 111, 142, 139, 147, 105, 90, 76, 86, 79, 72, 68, 50, 38, 28, 20, 17, 15, 16, 15, 26, 40, 33, 18, 26, 13, 6, 3]
2663 - [15, 15, 15, 12, 8, 9, 10, 8, 2, 1, 2]
1129 - [5, 8, 8, 7, 10, 11, 15, 9, 33, 18, 14, 13, 14, 25, 30, 22, 45, 75, 92, 96, 110, 110, 110, 99, 101, 75, 75, 41, 33, 34, 32, 34, 22, 25, 31, 21, 16, 25, 31, 39, 35, 24, 23, 29, 33, 34, 29, 34, 22, 21, 5, 2, 3, 3, 3, 8, 6, 3, 5, 12, 11, 5, 3, 1, 1, 1, 1, 4, 6]
1641 - [47, 50, 34, 33, 42, 34, 21, 22, 2]
1146 - [8, 7, 8, 1, 2]
3707 - [21, 18, 14, 13, 15, 13, 13, 8, 11, 24, 20, 27, 22, 22, 20, 26, 24, 14, 36, 36, 19, 22, 20, 9, 4, 1, 3, 9, 8, 5, 3, 2, 1, 1, 1, 2, 6, 9, 4, 3, 1, 1, 1, 2]
2174 - [6, 5, 1, 2, 2, 1, 3, 5, 10, 8, 10, 2, 1, 1]
3711 - [52, 58, 46, 38, 46, 39, 30, 25, 13, 16, 7, 7, 12, 14, 22, 25, 28, 29, 41, 68, 49, 61, 52, 88, 78, 73, 94, 109, 109, 95, 76, 80, 54, 29, 42, 66, 84, 48, 65, 50, 47, 51, 54, 42, 50, 51, 99, 77, 102, 78, 61, 40, 39, 49, 36, 28, 26, 33, 26, 29, 34, 46, 81, 78, 102, 94, 92, 112, 59, 49, 43, 24, 8, 4, 3, 2, 1, 2, 1, 2, 1, 4, 1, 2, 1, 1, 1, 1, 3, 1, 2, 2, 5, 8, 11, 12, 7, 2, 3, 1]
3713 - [57, 79, 91, 87, 95, 68, 62, 58, 51, 40, 39, 22, 20, 14, 10, 6, 1, 8, 22, 14, 17, 12, 7, 5]
1948291 - [1, 5, 2, 2, 2, 4]
4236 - [16, 1, 2, 2]
143 - [260, 214, 233, 226, 195, 171, 171, 195, 219, 212, 202, 214, 199, 163, 108, 96, 102, 93, 90, 109, 137, 142, 116, 113, 121, 111, 95, 95, 95, 79, 92, 99, 107, 119, 94, 95, 85, 92, 68, 74, 48, 44, 25, 28, 34, 26, 19, 13, 3, 2]
2704 - [14, 16, 24, 18, 26, 26, 17, 29, 32, 43, 39, 39, 37, 27, 48, 46, 36, 35, 28, 23, 31, 15, 10, 9, 24, 16, 9, 4, 3, 1, 2, 1, 5]
3224 - [8, 5, 5, 3, 1, 1, 1]
3225 - [72, 71, 59, 59, 65, 79, 82, 92, 90, 77, 49, 45, 61, 63, 82, 73, 68, 107, 143, 117, 102, 111, 98, 93, 92, 85, 44, 40, 25, 21, 42, 35, 45, 56, 48, 49, 30, 57, 50, 82, 77, 39, 43, 50, 80, 90, 59, 70, 86, 104, 109, 128, 104, 97, 71, 45, 45, 54, 47, 40, 31, 22, 44, 45, 47, 39, 31, 41, 27, 32, 19, 33, 22, 4, 12, 12, 17, 26, 28, 15, 7, 6, 1]
2206 - [48, 55, 56, 49, 30, 20, 22, 18, 14, 10, 4, 3, 5, 4, 1, 1, 2, 7, 4, 10, 3]
3745 - [28, 23, 14, 20, 35, 41, 45, 51, 55, 50, 47, 42, 43, 25, 11, 11, 6, 2, 3, 8, 13, 15, 27, 19, 23, 27, 17, 13, 6, 2, 1, 2, 1, 1, 2, 1, 1, 4]
675 - [2, 4]
2213 - [57, 39, 65, 79, 82, 58, 59, 43, 23, 31, 22, 6, 2, 4, 5, 11, 3, 6, 3, 4, 3, 3, 2, 1, 1, 1, 3, 5, 13, 7, 10, 8, 12, 11, 9, 4, 5, 9, 13, 10, 13, 17, 11, 10, 11, 4, 4, 3, 1, 1, 1, 1, 1, 1]
1223 - [1, 1]
2224 - [11, 9, 11, 9, 4, 15, 25, 35, 27, 31, 45, 33, 29, 31, 32, 39, 22, 12, 16, 5, 2, 1, 3, 1, 1, 1, 2, 6, 5, 3, 1, 1, 1, 2, 1, 2, 1, 1, 1, 1, 1]
4789 - [55, 39, 72, 50, 64, 47, 74, 88, 49, 34, 42, 40, 44, 44, 36, 30, 25, 22, 12, 5, 4, 9]
2744 - [1, 3, 1, 5, 2]
4799 - [1, 2, 9, 12, 1, 1, 3, 7, 13, 18, 12, 9, 5, 12, 13, 17, 19, 13, 10, 6, 6, 1, 1, 1, 3, 2, 1, 5, 6, 6, 13, 16, 10, 24, 17, 16, 25, 33, 23, 20, 28, 39, 32, 23, 8, 7, 4]
3777 - [1, 1, 2, 2, 2, 1, 5, 6, 3, 7, 13, 9, 5]
2757 - [7, 2, 1, 1, 1]
3783 - [56, 52, 49, 59, 51, 44, 53, 42, 62, 66, 57, 117, 153, 145, 120, 116, 113, 98, 80, 63, 44, 54, 57, 38, 56, 62, 47, 41, 25, 11, 14, 11, 8, 7, 2, 3, 1]
3272 - [5, 13, 6, 5, 10, 5, 5, 2, 4, 2, 1]
3274 - [497, 539, 539, 566, 571, 523, 545, 482, 477, 514, 443, 416, 438, 401, 347, 397, 408, 382, 368, 354, 319, 290, 253, 240, 240, 263, 273, 352, 306, 290, 305, 245, 230, 197, 175, 133, 170, 212, 230, 192, 190, 179, 166, 175, 149, 112, 111, 116, 79, 62, 56, 51, 52, 74, 84, 85, 92, 99, 92, 55, 46, 55, 41, 58, 53, 73, 76, 78, 59, 65, 58, 79, 74, 112, 88, 80, 48, 27, 34, 44, 46, 44, 48, 28, 27, 20, 15, 4, 5, 2, 1]
2251 - [1, 5, 1]
4301 - [2, 4, 1, 2, 5, 7, 5, 3, 3, 2, 4, 1, 2]
4307 - [5, 11, 9, 18, 15, 15, 17, 12, 24, 16, 23, 25, 35, 27, 23, 22, 10, 4, 3, 2, 3, 10, 10, 10, 6, 17, 15, 7, 15, 8, 2, 1, 1, 1, 2, 4, 1, 2, 2, 4, 1, 3, 3]
3802 - [7, 6, 10, 12, 12, 12, 5, 12, 18, 12, 3, 3, 4, 1, 2, 2, 2, 2]
3302 - [24, 23, 22, 26, 20, 30, 30, 43, 80, 35, 26, 29, 28, 22, 48, 29, 16, 13, 16, 12, 10, 5, 1, 1, 1, 1, 1, 1, 10, 23, 46, 43, 35, 44, 34, 47, 35, 34, 35, 65, 57, 54, 52, 28, 44, 49, 50, 50, 50, 41, 45, 38, 36, 18, 17, 18, 19, 20, 29, 16, 24, 28, 15, 6, 3, 2]
234 - [48, 53, 75, 52, 63, 58, 84, 99, 65, 44, 37, 20, 9]
1151 - [14, 19, 14, 15, 10, 13, 16, 10, 11, 1, 1]
3836 - [7, 7, 6, 15, 8, 11, 5, 5, 1, 3, 7, 3, 5, 2, 7, 4, 1, 1]
2823 - [1, 1, 2, 1, 1]
1807 - [2, 2, 2, 1, 2, 7, 2, 2, 2, 1, 3, 5, 16, 22, 19, 17, 10, 7, 4, 4, 2, 2, 1, 1, 1, 1, 1, 1]
3344 - [116, 112, 101, 100, 107, 104, 132, 106, 96, 106, 98, 65, 51, 42, 42, 56, 47, 42, 46, 37, 41, 39, 36, 36, 66, 105, 77, 58, 48, 40, 41, 29, 32, 9, 4, 1, 2, 7, 2, 1, 1, 1, 7, 1, 1, 1, 1, 6, 14, 10, 12, 4, 3, 1]
3859 - [3, 8, 9, 10, 6, 1, 1, 7, 11, 8, 12, 11, 5, 14, 8, 12, 12, 16, 8, 3, 12, 6, 3, 1, 1, 1, 3, 12, 12, 10, 13, 27, 29, 15, 28, 40, 33, 26, 25, 14, 6, 6, 2, 1, 7, 18, 18, 10, 11, 12, 13, 13, 8, 6, 1]
1300 - [11, 14, 11, 7, 3, 11, 18, 9, 5, 5, 2, 1, 2, 4, 9, 8, 1, 3, 4, 2, 18, 18, 2, 1, 1, 1, 9, 4, 2]
1302 - [1, 3, 2, 2, 3]
3869 - [70, 74, 71, 85, 100, 82, 67, 52, 47, 38, 23, 12, 7, 1, 2]
1311 - [10, 13, 28, 20, 24, 24, 13, 15, 17, 19, 35, 46, 43, 40, 44, 41, 34, 36, 47, 19, 24, 16, 14, 9, 10, 19, 14, 9, 4, 7, 8, 3, 4, 1, 2, 1, 2, 7, 14, 24, 30, 12, 27, 12, 19, 19, 28, 24, 29, 8, 6, 1]
2336 - [4, 7, 1, 1, 3, 4, 1]
1825 - [162, 149, 163, 163, 172, 176, 166, 123, 115, 92, 109, 116, 116, 174, 188, 178, 168, 161, 163, 149, 169, 141, 126, 132, 159, 139, 105, 74, 80, 86, 60, 124, 126, 98, 84, 95, 71, 73, 79, 91, 102, 70, 88, 66, 40, 37, 35, 51, 35, 52, 50, 50, 41, 27, 34, 28, 18, 24, 8, 10, 18, 24, 13, 4, 2, 2, 4, 18, 24, 23, 23, 26, 35, 23, 30, 10, 21, 17, 17, 15, 19, 19, 18, 12, 2, 7, 11, 20, 17, 13, 7, 6, 6, 2, 5, 2, 1, 1, 2, 17, 6, 5, 3, 1, 2, 1, 1]
2338 - [3, 4, 3, 1, 3, 1, 4, 1, 2]
4387 - [150, 134, 105, 87, 80, 97, 74, 77, 82, 80, 81, 81, 83, 65, 13, 13, 13, 25, 21, 40, 40, 38, 46, 51, 42, 40, 53, 77, 79, 65, 52, 55, 51, 40, 34, 25, 31, 39, 22, 12, 8, 2, 2, 4, 6, 4]
3364 - [21, 13, 9, 6, 3, 11, 16, 27, 27, 20, 35, 43, 38, 70, 57, 68, 58, 38, 40, 50, 47, 38, 66, 67, 57, 64, 81, 77, 121, 114, 137, 149, 160, 199, 153, 171, 164, 155, 128, 115, 130, 104, 122, 115, 113, 93, 103, 121, 110, 90, 92, 70, 74, 86, 88, 70, 118, 102, 74, 44, 54, 50, 65, 62, 82, 88, 61, 61, 60, 64, 33, 34, 47, 45, 26, 25, 28, 18, 7, 2]
4394 - [1, 1, 1]
1324 - [2, 1, 3, 3, 3, 2]
1847 - [1, 1, 1, 2, 1, 2, 9, 3, 1, 3, 1, 1, 1, 2, 2, 11, 23, 29, 24, 25, 12, 19, 9, 5, 7, 6, 2, 2, 1, 1, 2, 1, 5, 4, 2, 3, 5, 6, 3, 1]
2872 - [5, 10, 17, 37, 39, 43, 40, 26, 39, 28, 12, 6, 8, 10, 6, 3, 1]
2363 - [3, 6, 9, 5, 2, 1, 1, 2, 2, 6, 1, 2]
3393 - [1, 1, 1, 2, 1, 1, 2, 8, 1, 2, 6, 26, 21, 19, 27, 17, 13, 21, 47, 26, 49, 63, 44, 57, 61, 60, 66, 69, 75, 70, 68, 74, 57, 49, 46, 48, 34, 32, 41, 42, 31, 21, 10, 4]
4930 - [2, 1, 1]
2188 - [1, 3, 3, 1, 1, 2, 2, 1, 3, 6, 2, 9, 21, 24, 40, 30, 21, 37, 53, 56, 60, 61, 31, 45, 27, 24, 18, 19, 17, 27, 27, 31, 28, 15, 16, 14, 8, 5, 3, 2, 3, 1, 1, 3, 6, 2, 1, 3, 2]
3216 - [111, 87, 92, 84, 94, 72, 69, 91, 79, 77, 77, 57, 75, 68, 68, 85, 87, 112, 104, 115, 122, 122, 126, 134, 124, 91, 117, 155, 133, 136, 140, 128, 126, 153, 133, 162, 193, 179, 159, 175, 193, 193, 205, 181, 224, 242, 243, 180, 170, 193, 190, 249, 260, 250, 258, 273, 239, 229, 256, 264, 206, 208, 224, 252, 229, 261, 326, 281, 306, 359, 354, 392, 328, 253, 250, 248, 206, 156, 149, 156, 107, 104, 74, 61, 82, 66, 56, 78, 75, 89, 81, 100, 149, 156, 206, 181, 190, 165, 166, 170, 144, 157, 155, 148, 176, 148, 156, 126, 120, 103, 88, 111, 145, 150, 100, 80, 62, 52, 34, 29, 11, 21, 34, 35, 41, 41, 32, 30, 46, 32, 41, 47, 47, 52, 38, 70, 64, 68, 69, 71, 78, 75, 61, 52, 47, 60, 73, 76, 56, 50, 55, 59, 65, 48, 63, 85, 87, 64, 56, 34, 36, 18, 23, 10, 3]
4428 - [3, 8, 1]
848 - [4, 6, 8, 13, 16, 21, 30, 26, 18, 19, 15, 20, 30, 41, 37, 40, 36, 28, 28, 34, 41, 51, 55, 36, 28, 21, 24, 13, 22, 35, 40, 40, 43, 54, 92, 82, 45, 45, 39, 37, 53, 77, 85, 104, 91, 94, 99, 89, 101, 147, 142, 188, 172, 160, 141, 130, 105, 114, 93, 62, 55, 53, 60, 59, 65, 63, 63, 61, 33, 26, 30, 47, 64, 65, 55, 28, 23, 42, 59, 50, 45, 46, 66, 60, 57, 75, 52, 36, 18, 15, 7, 20, 25, 12, 10, 21, 31, 26, 4, 5, 15, 6]
4435 - [91, 95, 73, 97, 108, 132, 134, 108, 102, 121, 116, 120, 76, 79, 94, 81, 67, 45, 46, 45, 56, 45, 43, 36, 18, 25, 15, 2, 5, 2, 4, 4, 1, 5, 2, 3, 4, 9, 13, 25, 25, 17, 19, 40, 38, 34, 28, 15, 11, 7, 5, 8]
1364 - [14, 25, 37, 34, 27, 50, 22, 22, 16, 11, 18, 10, 1, 2, 4, 2, 4, 7, 9, 3]
2901 - [24, 9, 9, 16, 21, 25, 19, 21, 37, 30, 13, 7, 5, 1, 4, 3, 4, 2]
4438 - [11, 4, 13, 8, 8, 1]
1875289 - [47, 44, 54, 63, 68, 34, 13, 12, 3, 4, 1, 2, 2]
2908 - [59, 58, 43, 39, 19, 16, 10, 15, 19, 5, 4, 11, 3, 1, 4, 6, 5, 5, 3, 3]
4961 - [6, 5, 3, 4, 3, 3, 1, 1, 7, 7, 4, 4, 5, 7, 14, 15, 16, 17, 11, 15, 12, 7, 9, 12, 19, 17, 21, 8, 6, 5, 9, 16, 21, 15, 2]
2402 - [4, 1]
4965 - [15, 17, 18, 14, 17, 9, 4, 3, 1, 1, 3, 1, 3, 2, 1, 1, 1, 5]
3945 - [7, 2, 1, 1, 1, 1, 1, 4, 3, 6, 9, 7, 5, 14, 13, 20, 18, 15, 22, 13, 12, 10, 8, 9, 2, 6, 1, 3, 5, 11, 5, 1, 1, 2, 1, 3]
1392 - [102, 138, 144, 123, 90, 101, 82, 69, 40, 25, 21, 20, 23, 36, 38, 33, 20, 46, 63, 68, 50, 65, 56, 49, 26, 13, 27, 37, 53, 46, 32, 21, 26, 29, 39, 49, 31, 26, 26, 18, 10, 1]
373 - [3, 4, 9, 7, 11, 5, 4, 16, 22, 14, 28, 21, 21, 30, 35, 37, 21, 27, 30, 13, 11, 16, 27, 25, 39, 39, 14, 10, 25, 24, 28, 19, 19, 23, 33, 33, 36, 27, 25, 9, 5, 6, 4, 2, 6, 11, 12, 7, 2, 9, 10, 5, 10, 7, 1, 5, 3, 1, 4, 6, 1]
4769 - [1, 2]
4481 - [1, 1, 2, 1, 2, 4, 1, 1, 2]
1922 - [167, 156, 113, 98, 110, 147, 163, 176, 167, 219, 250, 267, 319, 312, 302, 296, 284, 270, 337, 290, 259, 242, 228, 197, 173, 153, 155, 121, 91, 103, 103, 94, 61, 30, 22, 19, 4, 3, 6, 3, 9, 8, 9, 5, 8, 17, 14, 13, 19, 16, 11, 5, 8, 14, 6, 5, 7, 1, 2]
390 - [7, 14, 3]
2881 - [1, 1, 2, 4, 24, 21, 21, 37, 40, 35, 21, 15, 34, 27, 27, 20, 32, 33, 57, 52, 56, 36, 24, 26, 26, 27, 11, 9, 2, 1, 1, 1, 1, 1, 1, 1, 2, 4, 8, 9, 18, 28, 45, 34, 53, 31, 27, 22, 12, 7, 15, 6, 1]
2954 - [1, 2, 1, 1, 2, 2, 1, 4, 15, 17, 5, 1, 2, 1, 4, 2, 1, 3, 6, 3, 8, 14, 15, 8, 3, 2, 1, 4, 4, 2, 2, 2, 1, 2, 5, 2, 1, 1, 1, 3, 3, 2, 1, 1, 1, 2]
2452 - [153, 153, 117, 114, 114, 114, 137, 117, 92, 96, 110, 93, 58, 53, 80, 68, 64, 65, 49, 62, 49, 78, 62, 73, 84, 83, 74, 41, 36, 45, 28, 32, 57, 42, 39, 28, 43, 25, 9, 2, 15, 25, 17, 17, 34, 28, 10, 8, 27, 23, 37, 48, 52, 23, 12, 10, 1, 2, 1, 1, 4, 1, 1, 1, 1, 6, 1]
3991 - [8, 6, 4, 2, 2, 1, 1, 2, 1, 1, 2]
1831321 - [16, 35, 56, 31, 27, 32, 33, 41, 49, 50, 37, 34, 26, 24, 24, 13, 7]
4510 - [2, 3, 2, 2, 4, 1, 3, 2, 2, 1, 4, 6, 1, 2, 1, 4, 7, 5, 8, 20, 15, 1, 2, 1, 3, 6, 6, 3, 4, 8, 6, 3, 1, 6, 8, 12, 7, 13, 5, 1, 2, 1, 1, 2, 1, 1, 1, 3, 2, 5, 4, 4, 1, 2]
1954 - [1, 1, 5, 2, 3, 2, 2]
3059 - [6, 3, 7, 16, 16, 16, 12, 22, 13, 23, 12, 14, 21, 18, 4, 4, 3]
439 - [2, 1, 4, 2, 1, 2, 5, 11, 3, 1, 2, 1, 1, 1]
3527 - [1, 1, 2, 1, 7, 6, 8, 18, 12, 2, 2, 4, 1, 1, 1, 1, 1]
4048 - [1]
469 - [1, 1, 2, 19, 19, 18, 9, 10, 15, 17, 26, 27, 13, 4, 3, 1, 1, 5]
4566 - [4, 5, 3, 9, 12, 6, 7, 9, 10, 4, 1, 1, 2, 8, 10, 6, 1, 1, 5, 6, 5, 3, 1, 2, 2, 5, 4, 2, 1, 2, 4, 1, 1, 3]
4567 - [10, 8, 9, 9, 6, 10, 1, 1, 10, 9, 8, 5, 5]
3544 - [67, 71, 89, 74, 104, 83, 61, 49, 61, 80, 94, 141, 155, 153, 204, 207, 208, 219, 186, 184, 176, 155, 168, 117, 131, 135, 116, 127, 136, 130, 127, 126, 131, 119, 113, 128, 106, 96, 62, 33, 28, 28, 26, 17, 26, 38, 39, 41, 39, 29, 28, 25, 24, 21, 26, 28, 31, 34, 52, 44, 48, 69, 48, 64, 70, 78, 61, 98, 163, 159, 125, 109, 87, 88, 99, 91, 92, 83, 55, 63, 66, 41, 39, 28, 37, 29, 23, 19, 27, 30, 14, 18, 14, 17, 18, 24, 22, 31, 22, 4, 1]
1505 - [1, 1, 4, 2, 2, 1, 1, 1, 2, 1]
4069 - [14, 27, 52, 54, 31, 16, 2, 7, 10, 27, 32, 49, 58, 43, 32, 34, 28, 11, 13, 16, 7, 15, 24, 15, 26, 14, 4, 12, 18, 11, 12, 7, 4, 5, 4, 5, 8, 8, 2, 6, 6, 8, 2, 2, 1, 1, 2]
4582 - [26, 18, 13, 17, 10, 11, 20, 14, 8, 8, 5, 2, 3, 1, 5, 10, 8, 7, 3, 4, 10, 11, 33, 21, 13, 7, 10, 30, 24, 31, 33, 13, 8, 11, 4, 2, 2, 2, 10, 15, 5, 7, 1, 2, 1]
4082 - [114, 115, 115, 81, 77, 85, 83, 61, 93, 85, 74, 95, 111, 89, 110, 93, 117, 157, 185, 193, 171, 193, 156, 190, 187, 260, 277, 310, 330, 286, 268, 253, 232, 255, 282, 227, 265, 234, 272, 262, 271, 248, 252, 237, 282, 299, 268, 286, 227, 177, 182, 169, 146, 124, 134, 128, 102, 117, 137, 95, 105, 103, 99, 70, 52, 53, 42, 45, 68, 58, 43, 50, 56, 54, 67, 74, 111, 149, 126, 118, 122, 138, 113, 61, 54, 62, 64, 56, 55, 52, 60, 67, 68, 58, 73, 87, 76, 89, 88, 67, 92, 67, 67, 40, 36, 25, 18, 3, 1]
499 - [2, 2, 1, 3, 6, 12, 38, 56, 46, 33, 22, 18, 13, 9, 8, 6, 1]
2038 - [136, 115, 105, 76, 96, 78, 73, 91, 106, 81, 43, 65, 54, 35, 21, 27, 14, 18, 33, 27, 11, 12, 3, 1, 4, 2, 5, 3, 1, 1, 1, 2, 4, 9, 13, 10, 6, 13, 6, 7, 2, 5, 5, 14, 17, 26, 19, 20, 16, 20, 21, 19, 12, 2, 1, 7, 1, 2, 2, 1, 2, 14, 8, 11, 29, 17, 16, 13, 18, 19, 22, 27, 26, 16, 21, 23, 15, 12, 17, 32, 28, 24, 17, 10, 3, 1, 1, 1, 1]
1988602 - [20, 2]
1999868 - [1]
